0 0 -0.6563 -5 1.09139e-13
0 5 -0.562771 -5 -2.91038e-13
0 10 -0.577068 -5 -4.36557e-13
0 15 -0.591927 -5 -1.45519e-13
0 20 -0.607385 -5 3.27418e-13
0 25 -0.623482 -5 1.45519e-13
0 30 -0.640263 -5 -8.73115e-13
0 35 -0.657779 -5 -1.45519e-13
0 40 -0.676086 -5 3.63798e-14
0 45 -0.695248 -5 -3.63798e-14
0 50 -0.715338 -5 3.63798e-14
0 55 -0.736439 -5 -1.81899e-13
0 60 -0.758647 -5 -2.54659e-13
0 65 -0.78207 -5 -2.91038e-13
0 70 -0.806835 -5 5.82077e-13
0 75 -0.833086 -5 -6.54836e-13
0 80 -0.860991 -5 5.09317e-13
0 85 -0.890745 -5 -3.63798e-14
0 90 -0.922575 -5 -4.00178e-13
0 95 -0.956745 -5 3.63798e-14
0 100 -0.993566 -5 4.00178e-13
5 0 -0.54571 -5 3.63798e-13
5 5 -0.559304 -5 2.91038e-13
5 10 -0.573415 -5 1.09139e-13
5 15 -0.588075 -5 -2.91038e-13
5 20 -0.603319 -5 -1.45519e-13
5 25 -0.619187 -5 7.27596e-14
5 30 -0.635721 -5 7.27596e-14
5 35 -0.65297 -5 -7.27596e-14
5 40 -0.670989 -5 -7.27596e-14
5 45 -0.689839 -5 1.45519e-13
5 50 -0.70959 -5 3.63798e-13
5 55 -0.730323 -5 1.45519e-13
5 60 -0.752129 -5 -2.91038e-13
5 65 -0.775113 -5 1.09139e-13
5 70 -0.799395 -5 4.72937e-13
5 75 -0.825116 -5 -3.63798e-14
5 80 -0.852436 -5 3.63798e-14
5 85 -0.88154 -5 4.36557e-13
5 90 -0.912648 -5 7.27596e-14
5 95 -0.94601 -5 0
5 100 -0.981923 -5 -3.63798e-13
10 0 -0.542456 -5 6.18456e-13
10 5 -0.555879 -5 1.45519e-13
10 10 -0.569808 -5 0
10 15 -0.584273 -5 -3.63798e-13
10 20 -0.599308 -5 4.00178e-13
10 25 -0.614951 -5 -3.27418e-13
10 30 -0.631242 -5 4.36557e-13
10 35 -0.648231 -5 -2.91038e-13
10 40 -0.665968 -5 -2.18279e-13
10 45 -0.684513 -5 -2.91038e-13
10 50 -0.703934 -5 -1.81899e-13
10 55 -0.724307 -5 -1.09139e-13
10 60 -0.745722 -5 5.45697e-13
10 65 -0.768278 -5 -4.72937e-13
10 70 -0.792092 -5 1.09139e-13
10 75 -0.817297 -5 -4.36557e-13
10 80 -0.844049 -5 1.81899e-13
10 85 -0.872524 -5 1.81899e-13
10 90 -0.902932 -5 -2.91038e-13
10 95 -0.935513 -5 -1.81899e-13
10 100 -0.97055 -5 2.54659e-13
15 0 -0.53924 -5 0
15 5 -0.552496 -5 3.63798e-14
15 10 -0.566246 -5 7.27596e-14
15 15 -0.58052 -5 -7.27596e-14
15 20 -0.59535 -5 -1.09139e-13
15 25 -0.610772 -5 1.09139e-13
15 30 -0.626827 -5 3.63798e-13
15 35 -0.64356 -5 -1.81899e-13
15 40 -0.661021 -5 -4.72937e-13
15 45 -0.679268 -5 1.81899e-13
15 50 -0.698367 -5 -1.81899e-13
15 55 -0.71839 -5 -7.27596e-14
15 60 -0.739423 -5 1.09139e-13
15 65 -0.761563 -5 -2.54659e-13
15 70 -0.784921 -5 -4.72937e-13
15 75 -0.809626 -5 -4.00178e-13
15 80 -0.835825 -5 1.81899e-13
15 85 -0.863691 -5 1.45519e-13
15 90 -0.893421 -5 5.09317e-13
15 95 -0.925246 -5 -7.27596e-14
15 100 -0.959437 -5 2.18279e-13
20 0 -0.536062 -5 -7.27596e-14
20 5 -0.549154 -5 -7.27596e-14
20 10 -0.562729 -5 -2.18279e-13
20 15 -0.576815 -5 4.72937e-13
20 20 -0.591443 -5 -4.36557e-13
20 25 -0.606649 -5 8.36735e-13
20 30 -0.622472 -5 -4.00178e-13
20 35 -0.638955 -5 -4.72937e-13
20 40 -0.656148 -5 1.45519e-13
20 45 -0.674104 -5 6.54836e-13
20 50 -0.692887 -5 2.18279e-13
20 55 -0.712568 -5 2.54659e-13
20 60 -0.73323 -5 3.63798e-14
20 65 -0.754964 -5 3.63798e-14
20 70 -0.777878 -5 -2.54659e-13
20 75 -0.802096 -5 -8.00355e-13
20 80 -0.82776 -5 -1.45519e-13
20 85 -0.855034 -5 -4.72937e-13
20 90 -0.884108 -5 -7.27596e-14
20 95 -0.915203 -5 4.00178e-13
20 100 -0.948576 -5 -4.72937e-13
25 0 -0.532921 -5 1.45519e-13
25 5 -0.545852 -5 -3.27418e-13
25 10 -0.559255 -5 -4.00178e-13
25 15 -0.573156 -5 3.27418e-13
25 20 -0.587588 -5 -3.63798e-14
25 25 -0.602582 -5 -2.91038e-13
25 30 -0.618178 -5 7.27596e-14
25 35 -0.634417 -5 1.45519e-13
25 40 -0.651345 -5 -3.63798e-13
25 45 -0.669017 -5 1.81899e-13
25 50 -0.687493 -5 -3.63798e-13
25 55 -0.706841 -5 -7.27596e-14
25 60 -0.727139 -5 7.27596e-14
25 65 -0.748478 -5 1.09139e-13
25 70 -0.770961 -5 -3.63798e-14
25 75 -0.794706 -5 1.45519e-13
25 80 -0.81985 -5 3.63798e-13
25 85 -0.846549 -5 -5.82077e-13
25 90 -0.874988 -5 2.54659e-13
25 95 -0.905375 -5 -6.54836e-13
25 100 -0.937958 -5 7.27596e-14
30 0 -0.529817 -5 3.63798e-14
30 5 -0.54259 -5 1.45519e-13
30 10 -0.555823 -5 -1.45519e-13
30 15 -0.569544 -5 5.45697e-13
30 20 -0.583782 -5 4.00178e-13
30 25 -0.598569 -5 0
30 30 -0.613943 -5 -5.82077e-13
30 35 -0.629942 -5 -6.91216e-13
30 40 -0.646613 -5 1.45519e-13
30 45 -0.664007 -5 -3.63798e-14
30 50 -0.682182 -5 5.45697e-13
30 55 -0.701204 -5 -7.27596e-14
30 60 -0.721149 -5 2.18279e-13
30 65 -0.742103 -5 3.27418e-13
30 70 -0.764166 -5 2.54659e-13
30 75 -0.787451 -5 -3.63798e-14
30 80 -0.812089 -5 4.36557e-13
30 85 -0.838232 -5 -7.27596e-14
30 90 -0.866053 -5 2.18279e-13
30 95 -0.895756 -5 -1.81899e-13
30 100 -0.927575 -5 1.45519e-13
35 0 -0.526749 -5 -1.09139e-13
35 5 -0.539366 -5 -7.27596e-14
35 10 -0.552433 -5 -2.18279e-13
35 15 -0.565977 -5 3.63798e-14
35 20 -0.580025 -5 -1.81899e-13
35 25 -0.59461 -5 1.45519e-13
35 30 -0.609765 -5 1.09139e-13
35 35 -0.62553 -5 0
35 40 -0.641949 -5 2.18279e-13
35 45 -0.659071 -5 7.63976e-13
35 50 -0.676952 -5 3.27418e-13
35 55 -0.695657 -5 3.63798e-14
35 60 -0.715257 -5 2.91038e-13
35 65 -0.735836 -5 6.54836e-13
35 70 -0.757489 -5 -1.09139e-13
35 75 -0.780326 -5 2.54659e-13
35 80 -0.804474 -5 -2.18279e-13
35 85 -0.830075 -5 1.09139e-13
35 90 -0.857299 -5 1.81899e-13
35 95 -0.886339 -5 -7.27596e-14
35 100 -0.91742 -5 -2.91038e-13
40 0 -0.523716 -5 2.18279e-13
40 5 -0.53618 -5 8.36735e-13
40 10 -0.549085 -5 2.91038e-13
40 15 -0.562455 -5 -2.54659e-13
40 20 -0.576317 -5 2.18279e-13
40 25 -0.590702 -5 -5.45697e-13
40 30 -0.605643 -5 2.91038e-13
40 35 -0.621179 -5 0
40 40 -0.637352 -5 -5.45697e-13
40 45 -0.654208 -5 3.63798e-13
40 50 -0.671802 -5 -7.27596e-14
40 55 -0.690196 -5 7.27596e-14
40 60 -0.70946 -5 -6.18456e-13
40 65 -0.729673 -5 -3.63798e-14
40 70 -0.750928 -5 4.00178e-13
40 75 -0.77333 -5 1.45519e-13
40 80 -0.797 -5 -4.00178e-13
40 85 -0.822077 -5 -4.00178e-13
40 90 -0.848721 -5 1.45519e-13
40 95 -0.877118 -5 -3.63798e-13
40 100 -0.907484 -5 1.45519e-13
45 0 -0.520718 -5 7.27596e-14
45 5 -0.533032 -5 5.09317e-13
45 10 -0.545777 -5 -2.18279e-13
45 15 -0.558976 -5 7.27596e-13
45 20 -0.572655 -5 -2.54659e-13
45 25 -0.586845 -5 6.18456e-13
45 30 -0.601577 -5 -8.36735e-13
45 35 -0.616889 -5 7.27596e-14
45 40 -0.63282 -5 7.27596e-13
45 45 -0.649416 -5 3.63798e-13
45 50 -0.66673 -5 3.63798e-14
45 55 -0.684821 -5 -7.27596e-14
45 60 -0.703756 -5 1.81899e-13
45 65 -0.723613 -5 -1.81899e-13
45 70 -0.74448 -5 2.54659e-13
45 75 -0.766458 -5 6.54836e-13
45 80 -0.789663 -5 -7.27596e-14
45 85 -0.81423 -5 -2.18279e-13
45 90 -0.840312 -5 -5.45697e-13
45 95 -0.868087 -5 -2.91038e-13
45 100 -0.897761 -5 2.54659e-13
50 0 -0.517753 -5 1.45519e-13
50 5 -0.529921 -5 -3.63798e-14
50 10 -0.542508 -5 2.54659e-13
50 15 -0.555539 -5 -2.18279e-13
50 20 -0.56904 -5 4.36557e-13
50 25 -0.583038 -5 -2.18279e-13
50 30 -0.597566 -5 -1.81899e-13
50 35 -0.612657 -5 8.73115e-13
50 40 -0.628352 -5 -2.91038e-13
50 45 -0.644694 -5 -1.45519e-13
50 50 -0.661734 -5 5.45697e-13
50 55 -0.679529 -5 -1.45519e-13
50 60 -0.698144 -5 -1.45519e-13
50 65 -0.717653 -5 7.27596e-13
50 70 -0.738141 -5 6.91216e-13
50 75 -0.759707 -5 -7.27596e-14
50 80 -0.782461 -5 2.54659e-13
50 85 -0.806532 -5 4.00178e-13
50 90 -0.832069 -5 3.27418e-13
50 95 -0.859241 -5 2.91038e-13
50 100 -0.888245 -5 2.54659e-13
55 0 -0.514823 -5 1.45519e-13
55 5 -0.526845 -5 2.18279e-13
55 10 -0.539278 -5 7.27596e-14
55 15 -0.552145 -5 -3.27418e-13
55 20 -0.56547 -5 -1.81899e-13
55 25 -0.579281 -5 -1.81899e-13
55 30 -0.593607 -5 1.81899e-13
55 35 -0.608483 -5 -5.09317e-13
55 40 -0.623946 -5 -2.91038e-13
55 45 -0.64004 -5 4.00178e-13
55 50 -0.656812 -5 3.27418e-13
55 55 -0.674318 -5 5.82077e-13
55 60 -0.69262 -5 -2.54659e-13
55 65 -0.71179 -5 2.91038e-13
55 70 -0.73191 -5 7.27596e-14
55 75 -0.753074 -5 5.45697e-13
55 80 -0.775389 -5 -1.81899e-13
55 85 -0.798979 -5 -2.18279e-13
55 90 -0.823985 -5 -1.45519e-13
55 95 -0.850572 -5 1.81899e-13
55 100 -0.878928 -5 -4.00178e-13
60 0 -0.511925 -5 6.91216e-13
60 5 -0.523805 -5 7.27596e-14
60 10 -0.536087 -5 4.36557e-13
60 15 -0.548792 -5 0
60 20 -0.561945 -5 4.36557e-13
60 25 -0.575571 -5 -1.45519e-13
60 30 -0.589701 -5 -3.63798e-13
60 35 -0.604366 -5 7.27596e-14
60 40 -0.619603 -5 -7.27596e-14
60 45 -0.635453 -5 7.27596e-14
60 50 -0.651963 -5 3.63798e-14
60 55 -0.669186 -5 2.18279e-13
60 60 -0.687183 -5 5.09317e-13
60 65 -0.706022 -5 1.81899e-13
60 70 -0.725783 -5 -1.81899e-13
60 75 -0.746555 -5 0
60 80 -0.768443 -5 2.18279e-13
60 85 -0.791565 -5 -7.27596e-14
60 90 -0.816058 -5 -1.81899e-13
60 95 -0.842077 -5 3.63798e-13
60 100 -0.869804 -5 5.82077e-13
65 0 -0.50906 -5 2.91038e-13
65 5 -0.5208 -5 -2.18279e-13
65 10 -0.532933 -5 -1.45519e-13
65 15 -0.54548 -5 -2.18279e-13
65 20 -0.558463 -5 4.00178e-13
65 25 -0.571909 -5 0
65 30 -0.585845 -5 3.63798e-13
65 35 -0.600303 -5 3.63798e-14
65 40 -0.615319 -5 -2.18279e-13
65 45 -0.630931 -5 5.09317e-13
65 50 -0.647185 -5 3.63798e-13
65 55 -0.664132 -5 2.18279e-13
65 60 -0.681831 -5 4.00178e-13
65 65 -0.700347 -5 -1.05501e-12
65 70 -0.719758 -5 5.09317e-13
65 75 -0.740149 -5 5.82077e-13
65 80 -0.761621 -5 -2.54659e-13
65 85 -0.784288 -5 -3.27418e-13
65 90 -0.808281 -5 2.54659e-13
65 95 -0.83375 -5 3.27418e-13
65 100 -0.860868 -5 3.63798e-14
70 0 -0.506227 -5 -5.09317e-13
70 5 -0.51783 -5 3.63798e-13
70 10 -0.529816 -5 2.18279e-13
70 15 -0.542207 -5 2.54659e-13
70 20 -0.555024 -5 -2.18279e-13
70 25 -0.568293 -5 -6.54836e-13
70 30 -0.58204 -5 -2.18279e-13
70 35 -0.596295 -5 1.45519e-13
70 40 -0.611094 -5 -2.91038e-13
70 45 -0.626473 -5 -2.91038e-13
70 50 -0.642476 -5 8.00355e-13
70 55 -0.659154 -5 0
70 60 -0.676561 -5 7.27596e-14
70 65 -0.694762 -5 -3.63798e-14
70 70 -0.713831 -5 7.27596e-14
70 75 -0.733852 -5 -2.54659e-13
70 80 -0.754919 -5 -7.27596e-14
70 85 -0.777144 -5 -4.36557e-13
70 90 -0.800651 -5 -1.45519e-13
70 95 -0.825586 -5 6.91216e-13
70 100 -0.852114 -5 -2.18279e-13
75 0 -0.503425 -5 -1.09139e-13
75 5 -0.514893 -5 7.27596e-14
75 10 -0.526735 -5 2.18279e-13
75 15 -0.538973 -5 -2.18279e-13
75 20 -0.551628 -5 -3.63798e-13
75 25 -0.564722 -5 -2.91038e-13
75 30 -0.578284 -5 7.27596e-14
75 35 -0.592341 -5 3.27418e-13
75 40 -0.606926 -5 -5.82077e-13
75 45 -0.622077 -5 -7.27596e-14
75 50 -0.637836 -5 -2.18279e-13
75 55 -0.654249 -5 -7.27596e-14
75 60 -0.671372 -5 -3.63798e-14
75 65 -0.689266 -5 5.09317e-13
75 70 -0.708002 -5 2.54659e-13
75 75 -0.72766 -5 -7.27596e-14
75 80 -0.748334 -5 -1.45519e-13
75 85 -0.770128 -5 2.91038e-13
75 90 -0.793164 -5 -2.54659e-13
75 95 -0.81758 -5 -7.63976e-13
75 100 -0.843536 -5 2.54659e-13
80 0 -0.500654 -5 7.27596e-14
80 5 -0.511989 -5 -3.63798e-13
80 10 -0.52369 -5 5.82077e-13
80 15 -0.535778 -5 -4.00178e-13
80 20 -0.548272 -5 -1.45519e-13
80 25 -0.561196 -5 -2.91038e-13
80 30 -0.574576 -5 -3.27418e-13
80 35 -0.588438 -5 3.63798e-13
80 40 -0.602815 -5 4.72937e-13
80 45 -0.617743 -5 -4.36557e-13
80 50 -0.633262 -5 -2.54659e-13
80 55 -0.649418 -5 -2.91038e-13
80 60 -0.666262 -5 -4.72937e-13
80 65 -0.683856 -5 -2.91038e-13
80 70 -0.702267 -5 -8.73115e-13
80 75 -0.721573 -5 -7.27596e-14
80 80 -0.741863 -5 -7.27596e-13
80 85 -0.763238 -5 -2.18279e-13
80 90 -0.785815 -5 4.36557e-13
80 95 -0.809728 -5 -2.91038e-13
80 100 -0.835129 -5 0
85 0 -0.497914 -5 -7.27596e-14
85 5 -0.509117 -5 1.09139e-13
85 10 -0.52068 -5 4.00178e-13
85 15 -0.53262 -5 2.54659e-13
85 20 -0.544957 -5 -7.27596e-14
85 25 -0.557714 -5 2.91038e-13
85 30 -0.570915 -5 -5.09317e-13
85 35 -0.584586 -5 3.27418e-13
85 40 -0.59876 -5 3.63798e-13
85 45 -0.613469 -5 2.18279e-13
85 50 -0.628753 -5 3.27418e-13
85 55 -0.644657 -5 3.63798e-14
85 60 -0.66123 -5 -1.81899e-13
85 65 -0.678531 -5 5.82077e-13
85 70 -0.696624 -5 -1.45519e-13
85 75 -0.715586 -5 0
85 80 -0.735502 -5 -8.73115e-13
85 85 -0.75647 -5 0
85 90 -0.778602 -5 -2.18279e-13
85 95 -0.802025 -5 4.00178e-13
85 100 -0.826887 -5 -2.91038e-13
90 0 -0.495203 -5 3.63798e-13
90 5 -0.506278 -5 -7.27596e-14
90 10 -0.517704 -5 2.18279e-13
90 15 -0.529499 -5 6.54836e-13
90 20 -0.541682 -5 -2.54659e-13
90 25 -0.554275 -5 8.00355e-13
90 30 -0.5673 -5 -2.91038e-13
90 35 -0.580785 -5 1.45519e-13
90 40 -0.594758 -5 -1.45519e-13
90 45 -0.609253 -5 -2.18279e-13
90 50 -0.624308 -5 1.09139e-13
90 55 -0.639965 -5 -5.82077e-13
90 60 -0.656273 -5 -3.63798e-14
90 65 -0.673287 -5 -7.27596e-14
90 70 -0.691072 -5 -1.45519e-13
90 75 -0.709698 -5 -1.45519e-13
90 80 -0.72925 -5 5.45697e-13
90 85 -0.749821 -5 -7.27596e-14
90 90 -0.771519 -5 -1.45519e-13
90 95 -0.794468 -5 2.91038e-13
90 100 -0.818807 -5 1.81899e-13
95 0 -0.492522 -5 4.36557e-13
95 5 -0.50347 -5 -9.45874e-13
95 10 -0.514762 -5 1.81899e-13
95 15 -0.526415 -5 1.45519e-13
95 20 -0.538447 -5 0
95 25 -0.550878 -5 0
95 30 -0.563731 -5 2.18279e-13
95 35 -0.577032 -5 0
95 40 -0.59081 -5 3.63798e-14
95 45 -0.605095 -5 2.18279e-13
95 50 -0.619925 -5 2.18279e-13
95 55 -0.635341 -5 7.27596e-14
95 60 -0.651389 -5 1.09139e-13
95 65 -0.668124 -5 -3.63798e-13
95 70 -0.685607 -5 2.91038e-13
95 75 -0.703906 -5 8.00355e-13
95 80 -0.723103 -5 1.45519e-13
95 85 -0.743288 -5 -3.27418e-13
95 90 -0.764565 -5 1.45519e-13
95 95 -0.787051 -5 7.27596e-14
95 100 -0.810884 -5 2.54659e-13
100 0 -0.489869 -5 1.45519e-13
100 5 -0.500693 -5 5.09317e-13
100 10 -0.511854 -5 -1.45519e-13
100 15 -0.523366 -5 -1.45519e-13
100 20 -0.535249 -5 -1.81899e-13
100 25 -0.547522 -5 -1.81899e-13
100 30 -0.560207 -5 7.27596e-14
100 35 -0.573328 -5 3.63798e-14
100 40 -0.586914 -5 -1.81899e-13
100 45 -0.600994 -5 -7.27596e-14
100 50 -0.615604 -5 -5.45697e-13
100 55 -0.630783 -5 7.27596e-14
100 60 -0.646578 -5 4.36557e-13
100 65 -0.66304 -5 3.27418e-13
100 70 -0.680227 -5 -4.72937e-13
100 75 -0.698208 -5 5.82077e-13
100 80 -0.717059 -5 8.73115e-13
100 85 -0.736868 -5 -4.36557e-13
100 90 -0.757734 -5 8.36735e-13
100 95 -0.779772 -5 5.45697e-13
100 100 -0.803112 -5 -1.45519e-13
